-98.437509 -98.378983 -97.862137
-98.880645 -98.868435 -146.479282
-99.731290 -99.868332 -148.657206
-99.014319 -100.050288 -141.909379
-87.793680 -88.271475 -88.145067
-87.788400 -86.651624 -140.156989
-85.365771 -83.886453 -83.280583
-81.985320 -81.489702 -79.250768
-82.113278 -82.349011 -89.088454
-80.686585 -82.113376 -133.988294
-82.289387 -82.856020 -82.991125
-82.074317 -82.773612 -140.861193
-70.444436 -70.737170 -70.623678
-71.782511 -71.288157 -99.705003
-69.486206 -70.048678 -73.667759
-67.978845 -69.180902 -69.001549
-63.939305 -64.683613 -121.293095
-63.518702 -62.858216 -127.906995
-60.274692 -59.112070 -60.754059
-57.503648 -58.284455 -57.108413
-46.595356 -46.519645 -46.710066
-49.207753 -49.685546 -50.912971
-49.950231 -50.336419 -50.252555
-51.384451 -51.596536 -51.462121
-41.833716 -42.686259 -92.194583
-41.984141 -41.339344 -71.937950
-39.719270 -38.715341 -41.225025
-36.733097 -36.735900 -36.210987
-29.385516 -29.284782 -28.760665
-31.150339 -31.025041 -31.291022
-31.362693 -31.394952 -32.881398
-31.910937 -31.719574 -34.149746
-26.163901 -25.937629 -86.630445
-25.867989 -25.586733 -59.489382
-24.894442 -24.419824 -34.782984
-23.909668 -23.895480 -23.927951
-22.343296 -21.929788 -46.340419
-22.114186 -21.961756 -25.382365
-22.256928 -22.216103 -22.726297
-22.789892 -22.438068 -23.085061
-21.590161 -23.620434 -48.490704
-14.257999 -15.522313 -15.669903
-28.196116 -27.422887 -46.477175
-27.269641 -39.077002 -25.164860
-17.387469 -16.921282 -49.997679
-28.239572 -17.843870 -18.501130
-33.466418 -20.548737 -15.579244
-20.475479 -35.239792 -113.619899
-2.794509 -2.957627 -3.560845
-2.506690 -2.499664 -51.901923
-2.319895 -2.467628 -16.926890
-18.756264 -3.344288 -17.770224
1.938747 -0.100000 -0.219800
-0.199900 -0.109900 -0.200000
-0.280900 9.030841 -0.199900
-0.100000 -0.100000 73.570520
-60.465045 -60.708478 -68.084035
-59.614760 -59.632819 -62.884565
-62.060888 -61.379096 -107.461381
-62.962357 -62.549926 -138.359706
-49.475396 -49.775679 -47.878912
-48.134555 -48.395389 -46.971721
-49.901022 -50.583463 -73.391588
-51.667334 -51.725412 -122.056507
-28.407508 -28.744836 -35.406854
-27.618832 -28.207532 -29.085826
-29.280985 -29.094417 -44.392201
-29.712274 -29.274988 -73.994167
-75.294790 -74.302938 -139.505811
-72.222461 -72.236997 -83.955550
-73.210345 -74.255473 -134.652010
-75.700663 -75.696671 -56.870261
-32.033412 -32.032698 -88.464657
-29.023989 -29.118548 -28.614791
-29.529863 -29.516570 -77.677254
-31.455813 -31.253511 -24.565639
-25.584339 -25.589792 -116.711392
-25.396985 -25.735329 -25.425496
-25.688037 -26.168434 -75.143670
-26.067100 -26.117435 -24.881184
-12.501897 -12.226288 -58.578759
-11.979821 -12.715759 -16.077456
-12.822678 -12.536661 -30.761832
-12.636828 -12.977185 -45.280335
-0.650487 -0.602640 -0.551900
-0.634350 -0.367044 -0.760000
-0.813000 -0.677217 -32.826382
-1.088130 -1.276050 -13.301979
-0.380000 -0.200000 0.864898
-0.200000 0.000000 0.000000
0.000000 0.000000 -0.599700
-0.200000 -0.209900 0.000000
7.812552 0.252628 -0.100000
3.933540 0.000000 0.000000
0.017346 -0.100000 -0.200000
-0.190000 -12.111536 0.000000
